ipsa
1939.6
1976.12
2020.4
2042.68
2071.12
NA
NA
2057.49
2051.74
2077.96
2061.28
2069.56
NA
NA
2061.75
2055.69
2051.85
2069.96
2063.55
NA
NA
2047.55
2056.15
2067.15
2098.32
2110.65
NA
NA
2115.37
2118.46
2119.73
2101.94
2114.46
NA
NA
2118.29
2105.67
2111.83
2131.53
2138.12
NA
NA
2135.19
2122.02
2116.56
2101.81
2106.78
NA
NA
2099.59
2113.95
2143.79
2158.59
2163.76
NA
NA
2176.9
2166.84
2152.48
2145.72
2159.62
NA
NA
2160.8
2130.11
2126.07
2119.86
2123.96
NA
NA
2138.24
2145.35
2154.37
2162.15
2166.55
NA
NA
2176.6
2172.41
2169.31
2173.91
2182.29
NA
NA
2172.55
2171.43
2191.19
2185.92
2181.96
NA
NA
2183.59
2184.1
2181.56
2180.06
2170.1
NA
NA
2156.06
2127.31
2137.88
2150.96
NA
NA
NA
2155.35
2183.48
2182.11
2195.99
2210.09
NA
NA
2222.55
2213.23
2208.5
2211.84
2201.56
NA
NA
NA
2201.79
2209.32
2200.79
2218.81
NA
NA
2242.94
2243.82
2237.04
2227.94
2211.95
NA
NA
2195.9
2211.07
2168.87
2150.69
2160.39
NA
NA
2127.41
2135.03
2124.75
2139.96
2153.22
NA
NA
2148.46
2115.31
2156.53
2163.02
2163.08
NA
NA
2148.68
2135.31
2109.04
2102.97
2079.11
NA
NA
NA
1988.24
1997.36
2054.92
2062.92
NA
NA
2033.16
2043.67
2074.11
2078.64
2072.8
NA
NA
NA
2067.52
2070.89
2119.92
2126.02
NA
NA
2142.6
2146.57
2126.35
2122.96
2105.78
NA
NA
2103.34
2103
2100.48
2079.64
2063.22
NA
NA
2039.79
2064.3
2091.53
2082.04
2073.13
NA
NA
2084.9
2097.18
2118.47
2119.43
2133.39
NA
NA
2131.58
2111.68
2136.56
2136.3
2147.41
NA
NA
2141.75
2137.52
2149.37
2154.82
2142.11
NA
NA
2146.95
NA
2165.42
2168.68
2168.31
NA
NA
2164.55
2164.09
2158.08
2152.87
2158.13
NA
NA
2169.2
2177.14
2191.45
2206.37
2207.96
NA
NA
2202.46
2213.29
2199.83
2193
2197.8
NA
NA
2190.63
2200.2
2215.29
2224.48
2232.58
NA
NA
NA
NA
2242.63
2227.83
2231.91
NA
NA
2243.07
2268.29
2266.12
2275.88
2280.48
NA
NA
2275.45
2284.02
2316.28
2329.47
2312.43
NA
NA
NA
2337.39
2336.07
2349.48
2356.97
NA
NA
2356.48
2359.73
2362.66
2366.41
2365.87
NA
NA
2366.81
2380.43
2386.44
2383.82
2372.86
NA
NA
2364.49
2380.26
NA
2371.64
2345.07
NA
NA
2380.1
2411.62
2434.75
2447.65
2442.24
NA
NA
2437.6
2472.74
2486.29
2514.38
2494.05
NA
NA
2481.13
2513.72
2517.83
2544.3
2542.7
NA
NA
2519.79
2508.46
2549.41
2559.67
2561.7
NA
NA
2569.47
2589.17
2583.39
2585.48
NA
NA
NA
2605.54
2599.36
2627.72
2644.05
2668.17
NA
NA
2679.58
2677.43
2701.48
2694.43
2692.08
NA
NA
NA
2697.83
2712.81
2694.3
2693.36
2689.19
2725.6
2738.99
2723.48
NA
NA
2719.84
2713.76
2690.93
2697.25
2741.08
NA
NA
2758.71
2765.18
2790
2808.55
2827.14
NA
NA
2852.28
2850.28
2880.79
2868.18
2853.04
NA
NA
2824.24
2843.17
2895.28
2939.52
2951.55
NA
NA
2944.47
2953.47
2991.83
2993.37
3019.63
NA
NA
3011.63
3050.21
3085.96
3094.61
3107.4
NA
NA
3081.56
3011.43
2925.51
2970.34
2919.84
NA
NA
2872.41
2729.63
2811.62
2828.59
2832.33
NA
NA
2802.02
2854.81
2833.62
2870.02
2875.62
NA
NA
2912.25
2857.47
2849.68
2900.03
2916.85
NA
NA
2958.65
2956.31
2977.13
2962.61
2954.35
NA
NA
2945.29
2918.85
2890.46
2919.72
2929
NA
NA
2940.63
2967.18
2986.62
2996.09
NA
NA
NA
3019.61
3041.76
3040.78
3065.63
3083.89
NA
NA
3094.07
3082.55
3106.63
3133.87
3150.51
NA
NA
3117.76
3114.56
3141.38
3146.27
3149.19
NA
NA
3161.22
NA
3167.86
3194.35
3214.18
NA
NA
3255.07
3212.89
3253.18
3232.64
3247.27
NA
NA
3219.72
3175.09
3188.64
3216.19
3257.23
NA
NA
NA
3115.4
3162.81
3153.94
3210.31
NA
NA
3241.23
3244.68
3260.87
3279.53
3304.57
NA
NA
3319.41
3319.84
3290.78
3227.77
3288.52
NA
NA
3315.15
3308.77
3334.77
3371.81
3380.13
NA
NA
3362.54
3409.45
3390.19
3431.47
3447.45
NA
NA
3445.44
3418.25
3427.09
3439.49
3470.18
NA
NA
NA
3499.5
3491.46
3455.38
3425.28
NA
NA
3436.07
3408.3
3384.26
3372.61
3385.09
NA
NA
NA
3382.88
3389.62
3383.55
3366.39
NA
NA
3392.02
3378.29
3348.08
3277.82
3292.29
NA
NA
3336.08
3340.43
3325.68
3329.12
3314.86
NA
NA
3251.45
3255
3289.46
3230.31
3192.84
NA
NA
3162.55
3085.49
NA
2961.23
3033.55
NA
NA
3056.84
3136.01
3210.71
3206.79
3252.47
NA
NA
3270.3
3191
3238.67
3252.52
3310.14
NA
NA
3326.57
3324.58
3286.31
3265.62
3200.85
NA
NA
3152.46
3154.55
3114.57
3133.56
3167.87
NA
NA
NA
NA
NA
3214.67
3220.31
NA
NA
3191.22
3174.67
3190.73
3230.33
3249
NA
NA
3295.96
3333.33
3293.48
3300.09
3361.1
NA
NA
3360.16
3405.14
3393.83
3393.93
3414.67
NA
NA
NA
3380.63
3406.28
3441.79
3414.02
NA
NA
3429.68
3454.02
3464.87
3495.66
3496.18
NA
NA
3487.26
3478.02
3451.18
NA
3388.45
NA
NA
3318.42
3312.4
3261.33
3251.23
3240.88
NA
NA
3200.43
3238.89
3285.34
3259.73
3236.28
NA
NA
3172.95
3114.67
3067
3085.27
3114.06
NA
NA
3060.63
3056.86
3160.23
3175.99
3204.47
NA
NA
3194.97
3154.88
3212.6
3282.25
3294.4
NA
NA
3252.11
3165.71
3090.63
3009.55
3031.53
NA
NA
2947.72
2943.39
2952.27
3031.5
3085.41
NA
NA
3079.97
NA
3077.25
3059.39
3051.83
2996.35
2989.67
2907.84
NA
NA
2851.04
2822.88
2749.81
2821.09
2821.7
NA
NA
2801.19
2727.77
2684.51
2587.42
2555.66
NA
NA
2427.11
2546.88
2524.62
2671.16
2647.59
NA
NA
2658.74
2742.69
2794.53
2788.34
2813.67
NA
NA
2807.97
2715.33
2745.03
2731.01
2734.93
NA
NA
2774
2826.42
2874.44
2852.31
2830.73
NA
NA
2867.26
2874.14
2911.28
2910.04
2903.84
NA
NA
2937.37
2930.82
2933.11
2903.75
2836.83
NA
NA
2791.71
2751.45
2779.73
2755.63
2740.29
NA
NA
2709.82
2774.98
2848.29
2847.68
2843.61
NA
NA
2835.95
2840.61
2838.45
2842.93
NA
NA
NA
2885.9
2890.19
2866.61
2886.44
2890.4
NA
NA
2902.02
2921.37
2899.06
2918.51
2937.1
NA
NA
2946.42
2941.55
2946
2938.76
2947.46
NA
NA
2966.38
2996.76
3027.91
3034.16
3064.49
NA
NA
3089.36
3043.85
3017.54
3021.28
3019.58
NA
NA
3006.48
2967
2989.41
NA
2997.83
NA
NA
2979.35
2957.49
2924.43
2922.17
2919.68
NA
NA
2906.72
2896.14
2909.31
2918.57
2963.84
NA
NA
2988.12
3021.02
NA
3025.46
3026.91
NA
NA
3053.02
3066.78
3070.33
3096.11
3048.85
NA
NA
3044.94
3043.23
3048.16
3080.14
3017.39
NA
NA
3018.14
3018.08
3000.58
3050.08
3067.6
NA
NA
3024.38
3038.33
3050.92
3072.18
3035.16
NA
NA
3047.29
3045.98
3077.56
3042.98
3025.1
NA
NA
2999.9
2952.88
2839.89
2758.83
2768.52
NA
NA
2796.43
2820.51
2823.44
2803.82
2761.14
NA
NA
2770.19
2728.11
NA
2778.19
2821.86
NA
NA
2826.35
2851.56
2907.92
2873.28
2922.07
NA
NA
2893.04
2946.26
3011.39
3014.8
2994.05
NA
NA
2962.32
2977.58
2984.72
2983.82
2964.36
NA
NA
2926.38
2917.35
2884.84
2894.51
NA
NA
NA
2872.05
2817.46
2824.68
2839.65
2892.38
NA
NA
2886.68
2894.24
2897.83
2896.47
2895.21
NA
NA
2872.83
2868.64
2843.94
2795.08
2771.25
NA
NA
2779.7
2734.04
2757.17
2767.61
2827.81
NA
NA
2808.74
2759.85
2688.85
NA
NA
NA
NA
2743.44
2740.44
2754.53
2800.58
2784.23
NA
NA
2631.16
2753.31
2776.51
2668.88
2607.62
NA
NA
2450.5
2345.22
2238.66
2202.46
2101.1
NA
NA
2364.33
2441.74
2431.74
2396.24
2433.04
NA
NA
2546.3
2541.65
2391.57
2396.22
2342.9
NA
NA
2347.25
2389.85
2436.52
2489.59
NA
NA
NA
2559.68
2627.15
2596.18
2527.06
2575.12
NA
NA
2614.46
2567.34
2476.62
2527.85
2551.72
NA
NA
2532.48
2497.68
2489.61
2400.92
2369.65
NA
NA
2418.29
2413.01
2420.65
2432.56
2406.26
NA
NA
2334.52
2317.95
2303.51
2302.01
2304.05
NA
NA
NA
2307.35
2321.51
2328.7
2344.17
NA
NA
2324.02
2335.7
2347.73
2351.37
2346.46
NA
NA
2335.06
2337.34
2338.52
NA
2350.46
NA
NA
2373.19
2376.42
2436.52
NA
NA
2441.93
2504.04
2478.9
2485.67
2500.08
NA
NA
2467.93
2470.06
2450.68
2483.65
2498.68
NA
NA
2501.93
2481.02
2470.33
2493.96
2494.93
NA
NA
2514.9
2541.54
2571.11
2564.49
2549.46
NA
NA
2553.77
2580.69
2591.24
2627.08
2673.28
NA
NA
2696.27
2635.3
2624.31
2606.72
2611.33
NA
NA
2632.56
2593.29
2609.94
2628.75
2591.53
NA
NA
2542.48
2545.43
2538.01
2516.99
2468.63
NA
NA
2409.81
2401.61
2435.74
2382.99
2360
NA
NA
2372.42
2439.94
2428.41
2436.13
2444.57
NA
NA
2456.14
2482.05
2512.07
2502.52
2487.73
NA
NA
2544.52
2538.97
2546.98
2550.82
2547.76
NA
NA
2494.07
2478.94
2517.18
2535.51
2551.26
NA
NA
2545.05
2537.07
2543.19
2585.65
NA
NA
NA
2636.51
2646.12
2640.62
2686.29
2676.79
NA
NA
2636.25
2667.17
2676.18
2680.51
2680.31
NA
NA
2661.65
2671.62
2714.52
2670.78
NA
NA
NA
2756.07
2775.52
2804.31
2814.31
2906.17
NA
NA
2925.49
2932.73
2900.22
2918.74
2963.11
NA
NA
3055.21
3054.25
3052.42
NA
3062.97
NA
NA
3104.5
3131.15
3054.91
3102.26
3100.42
NA
NA
3191.16
3205.33
3173.26
3188.13
3216.68
NA
NA
3200.08
3215.55
3247.08
3257.89
3252.5
NA
NA
3239.55
3194.83
3106.01
3118.99
3134.32
NA
NA
3054.77
3022.22
3020.17
3071.46
3104.43
NA
NA
NA
3090.5
3105.87
3103.87
3116.06
NA
NA
3108.97
3088.81
3061.45
3084.32
3081.28
NA
NA
3126.1
3154.9
3209.92
NA
3207.8
NA
NA
3244.9
3245.35
3224.67
3239.71
3251.03
NA
NA
3239.8
3233.62
3229.3
3240.27
3226.2
NA
NA
3274.62
3292.99
3307.57
3278.8
3281.18
NA
NA
3276.45
3245.77
3265.77
3293.35
3294.36
NA
NA
3262.31
3286.08
3260.7
3277.81
3265.56
NA
NA
3244.2
3255.8
3261.06
3225.11
3222.13
NA
NA
3175.18
3132.87
3146.63
3191.64
3199.4
NA
NA
3189.84
3198.34
3203.32
3231.51
3245.91
NA
NA
3233.7
3233.23
3272.9
3297.17
NA
NA
NA
3297.27
3294.87
3317
3316.41
3319.5
NA
NA
3358.54
3369.09
3372.87
3352.25
3350.25
NA
NA
3390.72
3417.66
3429.27
3423.62
3456.76
NA
NA
NA
3481.32
3464.68
3437.02
3446.68
NA
NA
3456.39
3445.16
3424.01
3414.27
3421.95
NA
NA
3405.56
3372.17
3321.75
3372.02
3314.45
NA
NA
3286.68
3291.72
3347.02
3351.61
3364.23
NA
NA
3403.41
3389.37
3373.76
3343.85
3337.07
NA
NA
3324.92
3284.1
3251.63
3264.16
3289.6
NA
NA
3268.85
3251.16
3254.29
3184.04
3222.22
NA
NA
3255.32
3323.52
3343.54
3328.98
3349.73
NA
NA
3329.76
NA
3322.38
3361.08
3435.12
NA
NA
3465.49
3473.3
3483.11
3482.5
3499.07
NA
NA
3518.57
3514.7
3523.46
3529.82
NA
NA
NA
3541.45
3563.18
3581.42
3620.7
3624.1
3639.96
3681.06
3726.5
NA
NA
3744.17
3740.19
3760.01
3782.53
3756.18
NA
NA
3802.92
3814.97
3813.93
3780.6
3774.82
NA
NA
3802.39
3809.37
3782.88
3774.02
3808.96
NA
NA
3832.55
3853.58
3851.61
3774.2
3696.24
NA
NA
3734.22
3759.53
3752.2
3780.52
3770.77
NA
NA
3767.31
3820.55
3860.71
3859.96
3845.05
NA
NA
3850.74
3817.57
3814.92
3787.71
3827.44
NA
NA
3782.04
3760.39
3708.91
3742.17
3789.77
NA
NA
3798.82
3792.35
3813.98
3816.32
3824.49
NA
NA
3791.73
3818.27
3799.55
3802.23
3764.69
NA
NA
3778.83
3784.23
3774.48
3758.39
3748.92
NA
NA
3745.51
3763.25
3763.12
3799.38
NA
NA
NA
3828.25
3853.75
3849.61
3828.97
3842.28
NA
NA
3827.7
3816.54
3838.38
3828.59
3801.08
NA
NA
3800.27
3832.25
3829.78
3833.6
3836.02
NA
NA
3826.93
3803.07
3814.6
3850.41
3865.45
NA
NA
3877.01
3849.54
3819.79
3779.73
3759.16
NA
NA
3851
3858.17
3890.05
3872.48
3839.42
NA
NA
3855.38
3855.21
3849.75
3781.22
NA
NA
NA
3774.86
3727.84
3787.25
3812.25
3833.91
NA
NA
3886.86
3836.33
3883.73
3890.62
3864.14
NA
NA
3860.66
3876.68
3903.4
3944.33
3969.23
NA
NA
3986.27
4035.98
4060.33
4083.3
4121.72
NA
NA
4117
4078.01
4087.35
4075.27
4123.85
NA
NA
NA
4078.72
4065.29
4025.17
4060.13
NA
NA
4032.01
4070.27
4129.39
4175.91
4180.95
NA
NA
4168.13
4203.67
4213.19
4221.61
NA
NA
NA
4209.14
4241.75
4286.14
4304
4326
NA
NA
4366.65
4379.08
4354.03
4357.21
4364.15
NA
NA
4418.66
4399.58
4422.36
4441.34
4462.82
NA
NA
4495.91
4482.82
4388.52
4384.46
4462.25
NA
NA
4464.44
4495.3
4513.66
4522.38
4513.31
NA
NA
4523.51
4506.38
4453.2
4455.1
4480.35
NA
NA
4487.45
4525.01
4582.79
4597.61
4628.12
NA
NA
4634.1
4604.19
4664.08
4698.1
4710.86
NA
NA
4760.88
4800.83
4821.9
4813.53
NA
NA
NA
NA
4818.27
4772.29
4730.86
4730.2
NA
NA
4777.4
4804.62
4782.83
4795.38
4802.93
NA
NA
4787.08
4773.12
4758.42
4702.08
4699.18
NA
NA
NA
4666.77
4794.11
4771.09
4735.06
NA
NA
4747.4
4765.01
4767.13
4786.83
4793.37
NA
NA
4808.75
4834.57
4877.62
4885.95
4912.53
NA
NA
NA
4986.74
4977.13
4973.03
4958.45
NA
NA
5003.16
5024.9
5026.28
5013.97
4977.95
NA
NA
4955.97
4885.13
4900.62
4931.35
4965.17
NA
NA
4988.08
4951.73
5003.85
4988.63
4974.77
NA
NA
4973.58
4956.96
4956.79
4978.29
4970.02
NA
NA
4963.15
4989.05
NA
4964.05
4945.74
NA
NA
4945.18
4967.67
4996.86
5003.08
5006.59
NA
NA
4992.94
4950.94
4885.83
4884.09
4895.59
NA
NA
4840.56
4835.22
4888.11
4927.53
4967.51
5024.65
5040.97
4996.75
4947.04
NA
NA
4863.31
4829.94
4878.42
4939.11
4931.41
NA
NA
4934.25
4929.79
4901.87
4870.84
4875.66
NA
NA
4882.97
4830.83
4838.53
4766.1
4672.33
NA
NA
4673.07
4706.54
4632.06
4566.94
4610.28
NA
NA
4590.66
4544.24
4431.69
4464.02
4578.14
NA
NA
4608.24
4572.34
4536.75
4478.08
4445.98
NA
NA
4417.44
4359.65
4284.86
4302.76
4373.9
NA
NA
4444.57
4400.67
4418.72
4515.96
4527.47
NA
NA
4487.68
4482.68
4448.08
4371.23
4324.28
NA
NA
4325.12
4363.88
4334.64
4329.2
4313.64
NA
NA
4436.32
4510.31
4555.37
4596.71
4588.55
NA
NA
4593.4
4557.9
4594.19
4624.47
4712.85
NA
NA
4738.81
4765.23
4781.67
4741.31
4712.97
NA
NA
4694
4616.79
4645.17
4656.13
4669.87
NA
NA
4643.95
4675.6
4718.51
4738.67
NA
NA
NA
4752.2
4767.26
4754.91
4757.99
4822.5
NA
NA
4826.07
4810
4758.66
4788.84
4813.64
NA
NA
4821.66
4857.58
4848.89
4863.81
4851.01
NA
NA
4855
4852.96
4865.86
4816.49
4818.96
NA
NA
4798.29
4790.38
4800.82
4839.87
4841.65
NA
NA
4845.32
4847.87
4848.22
4870.58
4877.85
NA
NA
4811.5
4815.4
4819.39
4762.44
4737.51
NA
NA
4663.35
4646.13
4572.09
4530.7
4623.51
NA
NA
4630.57
4697.84
4711.09
4694.88
4696.35
NA
NA
NA
4762.71
4771.43
4795.28
4798.12
NA
NA
4772.54
4808.53
4777.69
4776.59
4769.39
NA
NA
4756.13
4725.55
4724.47
4698.15
4724.8
NA
NA
4670.93
4662.09
4604.43
4618.04
4627.8
NA
NA
4620.54
4525.3
4413.54
4434.68
4425.98
NA
NA
4486.39
4391.46
4312.44
4142.38
4066.09
NA
NA
3784.65
4005.39
4104.19
4213.01
4250.69
NA
NA
NA
4215.44
4229.26
4149.3
4129.71
NA
NA
4112.89
4162.52
4158.68
4113.44
4120.84
NA
NA
4214.63
4261.41
4288.35
4308.13
4250.72
NA
NA
4107.81
4111.48
4214
4198.38
4106.37
NA
NA
4010.99
4031.33
4052.75
4073.22
4057.54
NA
NA
NA
4105.61
4045.57
3824.37
3772.14
NA
NA
3812.27
3925.55
3901.4
3901.13
3888.58
NA
NA
3763.91
3606.31
3698.75
3889.01
3865.74
NA
NA
NA
3940
4005.89
4016.46
4003.63
NA
NA
4008.43
4052.39
4088.99
4075.21
4127.63
NA
NA
4197.9
4139.38
4167.31
4316.82
4327.25
NA
NA
NA
NA
4270.96
4277.39
4269.21
NA
NA
4343.72
4370.8
4290.66
4288.68
4337.83
NA
NA
4325.76
4348.51
4366.83
4288.7
4265.31
NA
NA
4183.91
4127.01
4016.42
4014.25
3955.55
NA
NA
4054.15
4057.82
4161.29
4140.15
4139.79
NA
NA
4100.12
4092.23
4156.1
NA
4184.15
NA
NA
4159.94
4166.63
4119.12
4138.04
4139.9
NA
NA
4140.81
4179.2
4199.56
4199.64
4197
NA
NA
4175.21
4187.93
4151.72
4171.95
4177.53
4158.06
4163.16
4198.12
4188.65
4201.48
NA
NA
4205.19
4210.47
4204.19
4213.54
4205.05
NA
NA
4220.57
4228.73
4249.39
4268.94
4278.17
NA
NA
4248.17
4243.44
4219.47
4218.79
4226.08
NA
NA
4222.4
4260.76
4316.37
4338.37
4382.05
NA
NA
4377.69
4362.74
4362.16
4403.95
4410.74
NA
NA
4433.59
4435.18
4477.48
4490.66
4545.9
NA
NA
4540.95
4525.33
4519.44
4494.72
4512.17
NA
NA
4495.32
4520.79
4535.6
4559.81
4552.34
NA
NA
4506.41
4483.75
4480.32
4515.34
4520.31
NA
NA
4525.67
4529.01
4551.5
4580.63
4585.95
NA
NA
4644.31
4614.38
4620.51
4586.78
4617.69
NA
NA
4659.97
4689.64
4668.23
4650.07
4671.28
NA
NA
4694.86
4655.18
4634.59
4647.99
NA
NA
NA
4606.02
4569.42
4547.14
4549.72
4527.46
NA
NA
4519.46
4517.98
4520.74
4541.04
4594.44
NA
NA
4551.45
4565.2
4566.37
4559.34
4575.54
NA
NA
4585.77
NA
4554.39
4521.01
4529.21
NA
NA
4545.65
4520.62
4492.75
4485.53
4476.3
NA
NA
4414.92
4357.9
4313.7
4277.33
4239.71
NA
NA
NA
4236.99
4201.45
4221.18
4254.61
NA
NA
4260.62
4269.38
4270.76
4318.16
4280.51
NA
NA
4206.68
4205.52
4270.31
4284.48
4349.46
NA
NA
4305.8
4281.82
4255.47
4274.41
4317.83
NA
NA
4337.43
4356.63
4396.78
4361.58
4358.84
NA
NA
4326.54
4324.01
4337.08
4336.36
4400.1
NA
NA
NA
4420.32
4418.69
4426.2
4413.41
NA
NA
4376.62
4352.82
4365.53
4355.89
4372.67
NA
NA
NA
4390.73
4406.39
4392.84
4384.5
NA
NA
4337.85
4321.17
4291.37
4235.79
4254.32
NA
NA
4244.23
4227.56
4173.09
4114.29
4193.1
NA
NA
4190.19
4152.84
4176.3
4163
4187.65
NA
NA
4180.98
4184.52
NA
4214.62
4261.98
NA
NA
4274.22
4262.04
4217.94
4205.27
4188.11
NA
NA
4156.37
4157.78
4155.22
4125.46
4155.68
NA
NA
4136.27
4118.51
4103.95
4126.82
4166.15
NA
NA
4174.47
4190.28
4172.76
4184.77
4218
NA
NA
NA
NA
NA
4210.15
4231.07
NA
NA
4211.06
4199.13
4200.48
4211.61
4230.42
NA
NA
4232.08
4245.39
4245.31
4277.22
4302.69
NA
NA
4303.25
4266.65
4244
4250.49
4246.13
NA
NA
NA
4290.24
4311.66
4322.14
4265.38
NA
NA
4242.97
4235.67
4244.43
4236.12
4250.4
NA
NA
4257.51
4260.78
4266.35
NA
NA
NA
NA
4261.81
4275.76
4256.34
4249.92
4237.78
NA
NA
4224.34
4207.11
4187.73
4187.09
4184.85
NA
NA
4191.12
4179.7
4145.42
4139.68
4143.25
NA
NA
4132.75
4116.38
4112.94
4137.55
4139.99
NA
NA
4158.66
4144.06
4149.5
4139.86
4136.97
NA
NA
4135.71
4198.77
4233.97
4230.82
4263.04
NA
NA
4279.93
4288.38
4291.08
4291.56
4293.78
NA
NA
4292.7
NA
4301
4294.5
4301.38
4349.05
4356.8
4397.91
NA
NA
4398.65
4405.94
4427.39
4460.44
4438.66
NA
NA
4455.03
4450.21
4479.27
4495.06
4528.45
NA
NA
4527.04
4535.38
4510.95
4485.67
4504.99
NA
NA
4518.84
4516.85
4541.51
4552.4
4566.12
NA
NA
4561.91
4581.25
4596.83
4590.64
4589.06
NA
NA
4592.62
4595.52
4614.66
4609.87
4594.85
NA
NA
4597.18
4604.81
4542.66
4519.2
4544.45
NA
NA
4516.04
4499.38
4520.52
4558.46
4573.26
NA
NA
4582.56
4569.59
4519.16
4495.71
4528.91
NA
NA
4527.29
4506.32
4480.4
4449.78
4409.43
NA
NA
4404.09
4431.04
4457.2
4450.35
4451.03
NA
NA
4409.77
4440.5
4430.46
4432.14
NA
NA
NA
4415.69
4396.2
4347.35
4327.15
4270.82
NA
NA
4298.46
4348.04
4353.61
4340.76
4330.45
NA
NA
4230.78
4260.97
4243.43
4279.4
4305.75
NA
NA
4291.96
4313.04
4312.36
4311.83
4281.44
NA
NA
4257.95
4292.14
NA
4309.4
4341.61
NA
NA
4328.78
4340.95
4356.17
4349.46
4319.96
NA
NA
4281.88
4288.95
4286.32
4261.2
4258.99
NA
NA
4233.14
NA
4270.12
4237.04
4197.29
NA
NA
4171.25
4138.88
4134.56
4138.25
4191.26
NA
NA
4167.21
4198.83
4192.67
4168.83
4119.25
NA
NA
4030.78
3962.95
3924.43
3981.48
3990.21
NA
NA
3972.59
3974.23
3947.11
3826.43
3821.74
NA
NA
3802.19
3821.26
3903.31
3961.88
4029.67
NA
NA
3953.87
3876.62
3847.63
3866.23
3831.92
NA
NA
3817.7
3777.95
3735.91
3730.44
3740.3
NA
NA
3806.92
NA
3864.43
3909.94
3852.57
NA
NA
3859.92
3859.95
3872.01
3849.89
3809.52
NA
NA
3803.89
3748.36
3732.54
3830.59
3820.54
NA
NA
3778.91
3711.01
3666.22
3740.59
3779.02
NA
NA
3785.04
3775.22
3759.45
NA
3730.4
NA
NA
3702.92
3687.19
3620.66
3616.15
3660.17
NA
NA
3641.24
3558.24
3537.81
3554.45
3628.73
NA
NA
3639.13
3613.7
3618.64
3709.79
3799.28
NA
NA
3893.53
3893.42
3903.44
3830.97
3791.66
NA
NA
3835.03
3820.84
NA
NA
NA
NA
NA
3952.03
3918.11
3902.07
3896.27
3872.91
NA
NA
3823.85
NA
NA
NA
NA
NA
NA
NA
